848627
121602
653987
461179
740597
462898
776119
422026
60769
941410
798509
938599
2010
212456
259137
706531
240418
799971
684187
719148
280017
372379
774460
742609
701448
74383
544533
555771
389828
282
711308
332850
262203
258509
747013
380253
256255
177365
669304
609335
906521
268571
626136
847841
225518
253856
376341
689347
890937
148790
1969
972442
20694
395510
564482
689983
703699
201801
372885
801800
817683
240928
923231
88355
934236
262121
824611
597024
161421
28447
45619
312506
253659
703356
226217
524015
486831
444716
503281
205378
383658
292254
259851
14588
631275
426478
355508
861876
614837
758278
533329
753186
873386
764940
483277
15058
636110
940375
873736
536330
848627
121602
653987
461179
740597
462898
776119
422026
60769
941410
798509
938599
2010
212456
259137
706531
240418
799971
684187
719148
280017
372379
774460
742609
701448
74383
544533
555771
389828
282
711308
332850
262203
258509
747013
380253
256255
177365
669304
609335
906521
268571
626136
847841
225518
253856
376341
689347
890937
148790
1969
972442
20694
395510
564482
689983
703699
201801
372885
801800
817683
240928
923231
88355
934236
262121
824611
597024
161421
28447
45619
312506
253659
703356
226217
524015
486831
444716
503281
205378
383658
292254
259851
14588
631275
426478
355508
861876
614837
758278
533329
753186
873386
764940
483277
15058
636110
940375
873736
536330
848627
121602
653987
461179
740597
462898
776119
422026
60769
941410
798509
938599
2010
212456
259137
706531
240418
799971
684187
719148
280017
372379
774460
742609
701448
74383
544533
555771
389828
282
711308
332850
262203
258509
747013
380253
256255
177365
669304
609335
906521
268571
626136
847841
225518
253856
376341
689347
890937
148790
1969
972442
20694
395510
564482
689983
703699
201801
372885
801800
817683
240928
923231
88355
934236
262121
824611
597024
161421
28447
45619
312506
253659
703356
226217
524015
486831
444716
503281
205378
383658
292254
259851
14588
631275
426478
355508
861876
614837
758278
533329
753186
873386
764940
483277
15058
636110
940375
873736
536330
848627
121602
653987
461179
740597
462898
776119
422026
60769
941410
798509
938599
2010
212456
259137
706531
240418
799971
684187
719148
280017
372379
774460
742609
701448
74383
544533
555771
389828
282
711308
332850
262203
258509
747013
380253
256255
177365
669304
609335
906521
268571
626136
847841
225518
253856
376341
689347
890937
148790
1969
972442
20694
395510
564482
689983
703699
201801
372885
801800
817683
240928
923231
88355
934236
262121
824611
597024
161421
28447
45619
312506
253659
703356
226217
524015
486831
444716
503281
205378
383658
292254
259851
14588
631275
426478
355508
861876
614837
758278
533329
753186
873386
764940
483277
15058
636110
940375
873736
536330
848627
121602
653987
461179
740597
462898
776119
422026
60769
941410
798509
938599
2010
212456
259137
706531
240418
799971
684187
719148
280017
372379
774460
742609
701448
74383
544533
555771
389828
282
711308
332850
262203
258509
747013
380253
256255
177365
669304
609335
906521
268571
626136
847841
225518
253856
376341
689347
890937
148790
1969
972442
20694
395510
564482
689983
703699
201801
372885
801800
817683
240928
923231
88355
934236
262121
824611
597024
161421
28447
45619
312506
253659
703356
226217
524015
486831
444716
503281
205378
383658
292254
259851
14588
631275
426478
355508
861876
614837
758278
533329
753186
873386
764940
483277
15058
636110
940375
873736
536330
848627
121602
653987
461179
740597
462898
776119
422026
60769
941410
798509
938599
2010
212456
259137
706531
240418
799971
684187
719148
280017
372379
774460
742609
701448
74383
544533
555771
389828
282
711308
332850
262203
258509
747013
380253
256255
177365
669304
609335
906521
268571
626136
847841
225518
253856
376341
689347
890937
148790
1969
972442
20694
395510
564482
689983
703699
201801
372885
801800
817683
240928
923231
88355
934236
262121
824611
597024
161421
28447
45619
312506
253659
703356
226217
524015
486831
444716
503281
205378
383658
292254
259851
14588
631275
426478
355508
861876
614837
758278
533329
753186
873386
764940
483277
15058
636110
940375
873736
536330
848627
121602
653987
461179
740597
462898
776119
422026
60769
941410
798509
938599
2010
212456
259137
706531
240418
799971
684187
719148
280017
372379
774460
742609
701448
74383
544533
555771
389828
282
711308
332850
262203
258509
747013
380253
256255
177365
669304
609335
906521
268571
626136
847841
225518
253856
376341
689347
890937
148790
1969
972442
20694
395510
564482
689983
703699
201801
372885
801800
817683
240928
923231
88355
934236
262121
824611
597024
161421
28447
45619
312506
253659
703356
226217
524015
486831
444716
503281
205378
383658
292254
259851
14588
631275
426478
355508
861876
614837
758278
533329
753186
873386
764940
483277
15058
636110
940375
873736
536330
848627
121602
653987
461179
740597
462898
776119
422026
60769
941410
798509
938599
2010
212456
259137
706531
240418
799971
684187
719148
280017
372379
774460
742609
701448
74383
544533
555771
389828
282
711308
332850
262203
258509
747013
380253
256255
177365
669304
609335
906521
268571
626136
847841
225518
253856
376341
689347
890937
148790
1969
972442
20694
395510
564482
689983
703699
201801
372885
801800
817683
240928
923231
88355
934236
262121
824611
597024
161421
28447
45619
312506
253659
703356
226217
524015
486831
444716
503281
205378
383658
292254
259851
14588
631275
426478
355508
861876
614837
758278
533329
753186
873386
764940
483277
15058
636110
940375
873736
536330
848627
121602
653987
461179
740597
462898
776119
422026
60769
941410
798509
938599
2010
212456
259137
706531
240418
799971
684187
719148
280017
372379
774460
742609
701448
74383
544533
555771
389828
282
711308
332850
262203
258509
747013
380253
256255
177365
669304
609335
906521
268571
626136
847841
225518
253856
376341
689347
890937
148790
1969
972442
20694
395510
564482
689983
703699
201801
372885
801800
817683
240928
923231
88355
934236
262121
824611
597024
161421
28447
45619
312506
253659
703356
226217
524015
486831
444716
503281
205378
383658
292254
259851
14588
631275
426478
355508
861876
614837
758278
533329
753186
873386
764940
483277
15058
636110
940375
873736
536330
848627
121602
653987
461179
740597
462898
776119
422026
60769
941410
798509
938599
2010
212456
259137
706531
240418
799971
684187
719148
280017
372379
774460
742609
701448
74383
544533
555771
389828
282
711308
332850
262203
258509
747013
380253
256255
177365
669304
609335
906521
268571
626136
847841
225518
253856
376341
689347
890937
148790
1969
972442
20694
395510
564482
689983
703699
201801
372885
801800
817683
240928
923231
88355
934236
262121
824611
597024
161421
28447
45619
312506
253659
703356
226217
524015
486831
444716
503281
205378
383658
292254
259851
14588
631275
426478
355508
861876
614837
758278
533329
753186
873386
764940
483277
15058
636110
940375
873736
536330
848627
121602
653987
461179
740597
462898
776119
422026
60769
941410
798509
938599
2010
212456
259137
706531
240418
799971
684187
719148
280017
372379
774460
742609
701448
74383
544533
555771
389828
282
711308
332850
262203
258509
747013
380253
256255
177365
669304
609335
906521
268571
626136
847841
225518
253856
376341
689347
890937
148790
1969
972442
20694
395510
564482
689983
703699
201801
372885
801800
817683
240928
923231
88355
934236
262121
824611
597024
161421
28447
45619
312506
253659
703356
226217
524015
486831
444716
503281
205378
383658
292254
259851
14588
631275
426478
355508
861876
614837
758278
533329
753186
873386
764940
483277
15058
636110
940375
873736
536330
848627
121602
653987
461179
740597
462898
776119
422026
60769
941410
798509
938599
2010
212456
259137
706531
240418
799971
684187
719148
280017
372379
774460
742609
701448
74383
544533
555771
389828
282
711308
332850
262203
258509
747013
380253
256255
177365
669304
609335
906521
268571
626136
847841
225518
253856
376341
689347
890937
148790
1969
972442
20694
395510
564482
689983
703699
201801
372885
801800
817683
240928
923231
88355
934236
262121
824611
597024
161421
28447
45619
312506
253659
703356
226217
524015
486831
444716
503281
205378
383658
292254
259851
14588
631275
426478
355508
861876
614837
758278
533329
753186
873386
764940
483277
15058
636110
940375
873736
536330
848627
121602
653987
461179
740597
462898
776119
422026
60769
941410
798509
938599
2010
212456
259137
706531
240418
799971
684187
719148
280017
372379
774460
742609
701448
74383
544533
555771
389828
282
711308
332850
262203
258509
747013
380253
256255
177365
669304
609335
906521
268571
626136
847841
225518
253856
376341
689347
890937
148790
1969
972442
20694
395510
564482
689983
703699
201801
372885
801800
817683
240928
923231
88355
934236
262121
824611
597024
161421
28447
45619
312506
253659
703356
226217
524015
486831
444716
503281
205378
383658
292254
259851
14588
631275
426478
355508
861876
614837
758278
533329
753186
873386
764940
483277
15058
636110
940375
873736
536330
848627
121602
653987
461179
740597
462898
776119
422026
60769
941410
798509
938599
2010
212456
259137
706531
240418
799971
684187
719148
280017
372379
774460
742609
701448
74383
544533
555771
389828
282
711308
332850
262203
258509
747013
380253
256255
177365
669304
609335
906521
268571
626136
847841
225518
253856
376341
689347
890937
148790
1969
972442
20694
395510
564482
689983
703699
201801
372885
801800
817683
240928
923231
88355
934236
262121
824611
597024
161421
28447
45619
312506
253659
703356
226217
524015
486831
444716
503281
205378
383658
292254
259851
14588
631275
426478
355508
861876
614837
758278
533329
753186
873386
764940
483277
15058
636110
940375
873736
536330
848627
121602
653987
461179
740597
462898
776119
422026
60769
941410
798509
938599
2010
212456
259137
706531
240418
799971
684187
719148
280017
372379
774460
742609
701448
74383
544533
555771
389828
282
711308
332850
262203
258509
747013
380253
256255
177365
669304
609335
906521
268571
626136
847841
225518
253856
376341
689347
890937
148790
1969
972442
20694
395510
564482
689983
703699
201801
372885
801800
817683
240928
923231
88355
934236
262121
824611
597024
161421
28447
45619
312506
253659
703356
226217
524015
486831
444716
503281
205378
383658
292254
259851
14588
631275
426478
355508
861876
614837
758278
533329
753186
873386
764940
483277
15058
636110
940375
873736
536330
848627
121602
653987
461179
740597
462898
776119
422026
60769
941410
798509
938599
2010
212456
259137
706531
240418
799971
684187
719148
280017
372379
774460
742609
701448
74383
544533
555771
389828
282
711308
332850
262203
258509
747013
380253
256255
177365
669304
609335
906521
268571
626136
847841
225518
253856
376341
689347
890937
148790
1969
972442
20694
395510
564482
689983
703699
201801
372885
801800
817683
240928
923231
88355
934236
262121
824611
597024
161421
28447
45619
312506
253659
703356
226217
524015
486831
444716
503281
205378
383658
292254
259851
14588
631275
426478
355508
861876
614837
758278
533329
753186
873386
764940
483277
15058
636110
940375
873736
536330
848627
121602
653987
461179
740597
462898
776119
422026
60769
941410
798509
938599
2010
212456
259137
706531
240418
799971
684187
719148
280017
372379
774460
742609
701448
74383
544533
555771
389828
282
711308
332850
262203
258509
747013
380253
256255
177365
669304
609335
906521
268571
626136
847841
225518
253856
376341
689347
890937
148790
1969
972442
20694
395510
564482
689983
703699
201801
372885
801800
817683
240928
923231
88355
934236
262121
824611
597024
161421
28447
45619
312506
253659
703356
226217
524015
486831
444716
503281
205378
383658
292254
259851
14588
631275
426478
355508
861876
614837
758278
533329
753186
873386
764940
483277
15058
636110
940375
873736
536330
848627
121602
653987
461179
740597
462898
776119
422026
60769
941410
798509
938599
2010
212456
259137
706531
240418
799971
684187
719148
280017
372379
774460
742609
701448
74383
544533
555771
389828
282
711308
332850
262203
258509
747013
380253
256255
177365
669304
609335
906521
268571
626136
847841
225518
253856
376341
689347
890937
148790
1969
972442
20694
395510
564482
689983
703699
201801
372885
801800
817683
240928
923231
88355
934236
262121
824611
597024
161421
28447
45619
312506
253659
703356
226217
524015
486831
444716
503281
205378
383658
292254
259851
14588
631275
426478
355508
861876
614837
758278
533329
753186
873386
764940
483277
15058
636110
940375
873736
536330
848627
121602
653987
461179
740597
462898
776119
422026
60769
941410
798509
938599
2010
212456
259137
706531
240418
799971
684187
719148
280017
372379
774460
742609
701448
74383
544533
555771
389828
282
711308
332850
262203
258509
747013
380253
256255
177365
669304
609335
906521
268571
626136
847841
225518
253856
376341
689347
890937
148790
1969
972442
20694
395510
564482
689983
703699
201801
372885
801800
817683
240928
923231
88355
934236
262121
824611
597024
161421
28447
45619
312506
253659
703356
226217
524015
486831
444716
503281
205378
383658
292254
259851
14588
631275
426478
355508
861876
614837
758278
533329
753186
873386
764940
483277
15058
636110
940375
873736
536330
848627
121602
653987
461179
740597
462898
776119
422026
60769
941410
798509
938599
2010
212456
259137
706531
240418
799971
684187
719148
280017
372379
774460
742609
701448
74383
544533
555771
389828
282
711308
332850
262203
258509
747013
380253
256255
177365
669304
609335
906521
268571
626136
847841
225518
253856
376341
689347
890937
148790
1969
972442
20694
395510
564482
689983
703699
201801
372885
801800
817683
240928
923231
88355
934236
262121
824611
597024
161421
28447
45619
312506
253659
703356
226217
524015
486831
444716
503281
205378
383658
292254
259851
14588
631275
426478
355508
861876
614837
758278
533329
753186
873386
764940
483277
15058
636110
940375
873736
536330
848627
121602
653987
461179
740597
462898
776119
422026
60769
941410
798509
938599
2010
212456
259137
706531
240418
799971
684187
719148
280017
372379
774460
742609
701448
74383
544533
555771
389828
282
711308
332850
262203
258509
747013
380253
256255
177365
669304
609335
906521
268571
626136
847841
225518
253856
376341
689347
890937
148790
1969
972442
20694
395510
564482
689983
703699
201801
372885
801800
817683
240928
923231
88355
934236
262121
824611
597024
161421
28447
45619
312506
253659
703356
226217
524015
486831
444716
503281
205378
383658
292254
259851
14588
631275
426478
355508
861876
614837
758278
533329
753186
873386
764940
483277
15058
636110
940375
873736
536330
848627
121602
653987
461179
740597
462898
776119
422026
60769
941410
798509
938599
2010
212456
259137
706531
240418
799971
684187
719148
280017
372379
774460
742609
701448
74383
544533
555771
389828
282
711308
332850
262203
258509
747013
380253
256255
177365
669304
609335
906521
268571
626136
847841
225518
253856
376341
689347
890937
148790
1969
972442
20694
395510
564482
689983
703699
201801
372885
801800
817683
240928
923231
88355
934236
262121
824611
597024
161421
28447
45619
312506
253659
703356
226217
524015
486831
444716
503281
205378
383658
292254
259851
14588
631275
426478
355508
861876
614837
758278
533329
753186
873386
764940
483277
15058
636110
940375
873736
536330
848627
121602
653987
461179
740597
462898
776119
422026
60769
941410
798509
938599
2010
212456
259137
706531
240418
799971
684187
719148
280017
372379
774460
742609
701448
74383
544533
555771
389828
282
711308
332850
262203
258509
747013
380253
256255
177365
669304
609335
906521
268571
626136
847841
225518
253856
376341
689347
890937
148790
1969
972442
20694
395510
564482
689983
703699
201801
372885
801800
817683
240928
923231
88355
934236
262121
824611
597024
161421
28447
45619
312506
253659
703356
226217
524015
486831
444716
503281
205378
383658
292254
259851
14588
631275
426478
355508
861876
614837
758278
533329
753186
873386
764940
483277
15058
636110
940375
873736
536330
848627
121602
653987
461179
740597
462898
776119
422026
60769
941410
798509
938599
2010
212456
259137
706531
240418
799971
684187
719148
280017
372379
774460
742609
701448
74383
544533
555771
389828
282
711308
332850
262203
258509
747013
380253
256255
177365
669304
609335
906521
268571
626136
847841
225518
253856
376341
689347
890937
148790
1969
972442
20694
395510
564482
689983
703699
201801
372885
801800
817683
240928
923231
88355
934236
262121
824611
597024
161421
28447
45619
312506
253659
703356
226217
524015
486831
444716
503281
205378
383658
292254
259851
14588
631275
426478
355508
861876
614837
758278
533329
753186
873386
764940
483277
15058
636110
940375
873736
536330
848627
121602
653987
461179
740597
462898
776119
422026
60769
941410
798509
938599
2010
212456
259137
706531
240418
799971
684187
719148
280017
372379
774460
742609
701448
74383
544533
555771
389828
282
711308
332850
262203
258509
747013
380253
256255
177365
669304
609335
906521
268571
626136
847841
225518
253856
376341
689347
890937
148790
1969
972442
20694
395510
564482
689983
703699
201801
372885
801800
817683
240928
923231
88355
934236
262121
824611
597024
161421
28447
45619
312506
253659
703356
226217
524015
486831
444716
503281
205378
383658
292254
259851
14588
631275
426478
355508
861876
614837
758278
533329
753186
873386
764940
483277
15058
636110
940375
873736
536330